250	1	100	0.1	15	100	4.5	0.0048	100	-60	-40	0.7	0.03	2	-50	100	35	6.09577	0.164059	0.0013149	80.8651	87	276
250	1	100.1	0.1	15	100	4.5	0.0048	100	-60	-40	0.7	0.03	2	-50	100	35	6.127	0.163224	0.0014138	68.8855	87	273
250	1	100.2	0.1	15	100	4.5	0.0048	100	-60	-40	0.7	0.03	2	-50	100	35	6.13861	0.162914	0.00131088	79.6703	87	278
250	1	100.3	0.1	15	100	4.5	0.0048	100	-60	-40	0.7	0.03	2	-50	100	35	6.15795	0.162402	0.00132647	77.078	87	273
250	1	100.4	0.1	15	100	4.5	0.0048	100	-60	-40	0.7	0.03	2	-50	100	35	6.18581	0.16167	0.00128851	80.5869	88	275
250	1	100.5	0.1	15	100	4.5	0.0048	100	-60	-40	0.7	0.03	2	-50	100	35	6.20601	0.161144	0.00128911	79.7287	88	282
250	1	100.6	0.1	15	100	4.5	0.0048	100	-60	-40	0.7	0.03	2	-50	100	35	6.23523	0.160387	0.00111378	105.307	89	279
250	1	100.7	0.1	15	100	4.5	0.0048	100	-60	-40	0.7	0.03	2	-50	100	35	6.25313	0.159928	0.00115	97.9331	89	281
250	1	100.8	0.1	15	100	4.5	0.0048	100	-60	-40	0.7	0.03	2	-50	100	35	6.27143	0.159464	0.00132255	73.4027	89	289
250	1	100.9	0.1	15	100	4.5	0.0048	100	-60	-40	0.7	0.03	2	-50	100	35	6.28571	0.1591	0.00119773	88.8887	89	279
250	1	101	0.1	15	100	4.5	0.0048	100	-60	-40	0.7	0.03	2	-50	100	35	6.31642	0.15833	0.0014194	62.3775	90	280
250	1	101.1	0.1	15	100	4.5	0.0048	100	-60	-40	0.7	0.03	2	-50	100	35	6.33889	0.157766	0.00121509	84.2114	90	282
250	1	101.2	0.1	15	100	4.5	0.0048	100	-60	-40	0.7	0.03	2	-50	100	35	6.35208	0.157438	0.0011979	86.1067	90	280
250	1	101.3	0.1	15	100	4.5	0.0048	100	-60	-40	0.7	0.03	2	-50	100	35	6.38258	0.156687	0.00128021	74.3166	91	283
250	1	101.4	0.1	15	100	4.5	0.0048	100	-60	-40	0.7	0.03	2	-50	100	35	6.39245	0.156441	0.000982285	125.639	91	287
250	1	101.5	0.1	15	100	4.5	0.0048	100	-60	-40	0.7	0.03	2	-50	100	35	6.42624	0.155621	0.00117781	86.0214	91	284
250	1	101.6	0.1	15	100	4.5	0.0048	100	-60	-40	0.7	0.03	2	-50	100	35	6.43109	0.155502	0.00109584	99.143	92	285
250	1	101.7	0.1	15	100	4.5	0.0048	100	-60	-40	0.7	0.03	2	-50	100	35	6.45263	0.154984	0.0011374	91.1127	92	285
250	1	101.8	0.1	15	100	4.5	0.0048	100	-60	-40	0.7	0.03	2	-50	100	35	6.4782	0.154374	0.00125092	74.4409	92	286
250	1	101.9	0.1	15	100	4.5	0.0048	100	-60	-40	0.7	0.03	2	-50	100	35	6.49463	0.153982	0.00114208	88.6274	93	294
250	1	102	0.1	15	100	4.5	0.0048	100	-60	-40	0.7	0.03	2	-50	100	35	6.51318	0.153546	0.0013303	64.7696	93	292
250	1	102.1	0.1	15	100	4.5	0.0048	100	-60	-40	0.7	0.03	2	-50	100	35	6.54265	0.152852	0.00113651	87.5415	93	294
250	1	102.2	0.1	15	100	4.5	0.0048	100	-60	-40	0.7	0.03	2	-50	100	35	6.55134	0.152648	0.00110705	91.8945	93	293
250	1	102.3	0.1	15	100	4.5	0.0048	100	-60	-40	0.7	0.03	2	-50	100	35	6.56608	0.152307	0.00122143	74.986	94	290
250	1	102.4	0.1	15	100	4.5	0.0048	100	-60	-40	0.7	0.03	2	-50	100	35	6.59029	0.151747	0.00113571	85.7782	94	289
250	1	102.5	0.1	15	100	4.5	0.0048	100	-60	-40	0.7	0.03	2	-50	100	35	6.61212	0.151245	0.00104959	99.4378	94	294
250	1	102.6	0.1	15	100	4.5	0.0048	100	-60	-40	0.7	0.03	2	-50	100	35	6.63754	0.150666	0.00111313	87.3986	95	299
250	1	102.7	0.1	15	100	4.5	0.0048	100	-60	-40	0.7	0.03	2	-50	100	35	6.65534	0.150262	0.00101867	103.521	95	297
250	1	102.8	0.1	15	100	4.5	0.0048	100	-60	-40	0.7	0.03	2	-50	100	35	6.67262	0.149874	0.00107181	92.7885	95	294
250	1	102.9	0.1	15	100	4.5	0.0048	100	-60	-40	0.7	0.03	2	-50	100	35	6.68688	0.149555	0.0011182	84.7052	95	298
250	1	103	0.1	15	100	4.5	0.0048	100	-60	-40	0.7	0.03	2	-50	100	35	6.70979	0.149044	0.0010817	89.5945	96	299
250	1	103.1	0.1	15	100	4.5	0.0048	100	-60	-40	0.7	0.03	2	-50	100	35	6.72917	0.148614	0.00101801	100.282	96	294
250	1	103.2	0.1	15	100	4.5	0.0048	100	-60	-40	0.7	0.03	2	-50	100	35	6.75489	0.148048	0.00102289	98.1965	96	301
250	1	103.3	0.1	15	100	4.5	0.0048	100	-60	-40	0.7	0.03	2	-50	100	35	6.76883	0.147741	0.000891482	128.478	97	304
250	1	103.4	0.1	15	100	4.5	0.0048	100	-60	-40	0.7	0.03	2	-50	100	35	6.77938	0.147513	0.00104609	92.8772	97	304
250	1	103.5	0.1	15	100	4.5	0.0048	100	-60	-40	0.7	0.03	2	-50	100	35	6.80178	0.147027	0.000972166	106.478	97	306
250	1	103.6	0.1	15	100	4.5	0.0048	100	-60	-40	0.7	0.03	2	-50	100	35	6.83032	0.146413	0.00103979	91.918	98	307
250	1	103.7	0.1	15	100	4.5	0.0048	100	-60	-40	0.7	0.03	2	-50	100	35	6.84571	0.146084	0.000995008	99.7017	98	301
250	1	103.8	0.1	15	100	4.5	0.0048	100	-60	-40	0.7	0.03	2	-50	100	35	6.85913	0.145797	0.000931184	113.168	98	305
250	1	103.9	0.1	15	100	4.5	0.0048	100	-60	-40	0.7	0.03	2	-50	100	35	6.87636	0.145433	0.0010141	94.7046	98	310
250	1	104	0.1	15	100	4.5	0.0048	100	-60	-40	0.7	0.03	2	-50	100	35	6.89835	0.144968	0.000899073	119.337	99	312
250	1	104.1	0.1	15	100	4.5	0.0048	100	-60	-40	0.7	0.03	2	-50	100	35	6.91218	0.144679	0.000992037	97.4337	99	311
250	1	104.2	0.1	15	100	4.5	0.0048	100	-60	-40	0.7	0.03	2	-50	100	35	6.93947	0.144109	0.000917971	112.452	99	304
250	1	104.3	0.1	15	100	4.5	0.0048	100	-60	-40	0.7	0.03	2	-50	100	35	6.94795	0.143933	0.000934814	108.04	99	309
250	1	104.4	0.1	15	100	4.5	0.0048	100	-60	-40	0.7	0.03	2	-50	100	35	6.96893	0.143501	0.000997724	93.9927	100	311
250	1	104.5	0.1	15	100	4.5	0.0048	100	-60	-40	0.7	0.03	2	-50	100	35	6.99114	0.143045	0.000994873	93.6338	100	310
250	1	104.6	0.1	15	100	4.5	0.0048	100	-60	-40	0.7	0.03	2	-50	100	35	7.00832	0.142693	0.000881603	118.362	100	311
250	1	104.7	0.1	15	100	4.5	0.0048	100	-60	-40	0.7	0.03	2	-50	100	35	7.01855	0.142485	0.000886757	116.479	100	310
250	1	104.8	0.1	15	100	4.5	0.0048	100	-60	-40	0.7	0.03	2	-50	100	35	7.03884	0.142075	0.000952303	100.128	101	309
250	1	104.9	0.1	15	100	4.5	0.0048	100	-60	-40	0.7	0.03	2	-50	100	35	7.05805	0.14169	0.00106691	79.1246	101	310
250	1	105	0.1	15	100	4.5	0.0048	100	-60	-40	0.7	0.03	2	-50	100	35	7.08239	0.141201	0.000907579	108.217	101	308
250	1	105.1	0.1	15	100	4.5	0.0048	100	-60	-40	0.7	0.03	2	-50	100	35	7.09538	0.140942	0.000872737	116.387	102	312
250	1	105.2	0.1	15	100	4.5	0.0048	100	-60	-40	0.7	0.03	2	-50	100	35	7.10866	0.140679	0.000914389	105.434	102	318
250	1	105.3	0.1	15	100	4.5	0.0048	100	-60	-40	0.7	0.03	2	-50	100	35	7.13527	0.140154	0.000853029	119.795	102	320
250	1	105.4	0.1	15	100	4.5	0.0048	100	-60	-40	0.7	0.03	2	-50	100	35	7.15717	0.139725	0.000878758	111.851	102	318
250	1	105.5	0.1	15	100	4.5	0.0048	100	-60	-40	0.7	0.03	2	-50	100	35	7.16227	0.139625	0.000816703	129.215	103	317
250	1	105.6	0.1	15	100	4.5	0.0048	100	-60	-40	0.7	0.03	2	-50	100	35	7.18515	0.139181	0.00080013	133.342	103	319
250	1	105.7	0.1	15	100	4.5	0.0048	100	-60	-40	0.7	0.03	2	-50	100	35	7.19798	0.138933	0.000843242	119.416	103	318
250	1	105.8	0.1	15	100	4.5	0.0048	100	-60	-40	0.7	0.03	2	-50	100	35	7.21967	0.138517	0.000916953	100.083	103	320
250	1	105.9	0.1	15	100	4.5	0.0048	100	-60	-40	0.7	0.03	2	-50	100	35	7.24422	0.138047	0.000913965	99.718	104	323
250	1	106	0.1	15	100	4.5	0.0048	100	-60	-40	0.7	0.03	2	-50	100	35	7.25373	0.137865	0.000851586	114.409	104	322
250	1	106.1	0.1	15	100	4.5	0.0048	100	-60	-40	0.7	0.03	2	-50	100	35	7.26767	0.1376	0.000774095	137.663	104	326
250	1	106.2	0.1	15	100	4.5	0.0048	100	-60	-40	0.7	0.03	2	-50	100	35	7.28157	0.137338	0.000872927	107.639	104	322
250	1	106.3	0.1	15	100	4.5	0.0048	100	-60	-40	0.7	0.03	2	-50	100	35	7.30324	0.136931	0.0009027	99.7637	105	324
250	1	106.4	0.1	15	100	4.5	0.0048	100	-60	-40	0.7	0.03	2	-50	100	35	7.32771	0.136473	0.00082733	117.581	105	326
250	1	106.5	0.1	15	100	4.5	0.0048	100	-60	-40	0.7	0.03	2	-50	100	35	7.34329	0.136184	0.00083897	113.615	105	319
250	1	106.6	0.1	15	100	4.5	0.0048	100	-60	-40	0.7	0.03	2	-50	100	35	7.35539	0.13596	0.000847916	110.682	105	328
250	1	106.7	0.1	15	100	4.5	0.0048	100	-60	-40	0.7	0.03	2	-50	100	35	7.37641	0.135572	0.000776531	130.84	106	328
250	1	106.8	0.1	15	100	4.5	0.0048	100	-60	-40	0.7	0.03	2	-50	100	35	7.39396	0.135251	0.000864346	104.857	106	328
250	1	106.9	0.1	15	100	4.5	0.0048	100	-60	-40	0.7	0.03	2	-50	100	35	7.41532	0.134861	0.000850722	107.309	106	329
250	1	107	0.1	15	100	4.5	0.0048	100	-60	-40	0.7	0.03	2	-50	100	35	7.4228	0.134725	0.000777764	127.996	106	325
250	1	107.1	0.1	15	100	4.5	0.0048	100	-60	-40	0.7	0.03	2	-50	100	35	7.44614	0.134301	0.000660545	175.785	107	331
250	1	107.2	0.1	15	100	4.5	0.0048	100	-60	-40	0.7	0.03	2	-50	100	35	7.46582	0.13395	0.000877967	98.7229	107	324
250	1	107.3	0.1	15	100	4.5	0.0048	100	-60	-40	0.7	0.03	2	-50	100	35	7.47871	0.133718	0.000814586	114.089	107	331
250	1	107.4	0.1	15	100	4.5	0.0048	100	-60	-40	0.7	0.03	2	-50	100	35	7.49728	0.133386	0.000766526	127.888	108	331
250	1	107.5	0.1	15	100	4.5	0.0048	100	-60	-40	0.7	0.03	2	-50	100	35	7.50829	0.133191	0.000789598	119.994	108	330
250	1	107.6	0.1	15	100	4.5	0.0048	100	-60	-40	0.7	0.03	2	-50	100	35	7.53126	0.132784	0.00075877	128.757	108	338
250	1	107.7	0.1	15	100	4.5	0.0048	100	-60	-40	0.7	0.03	2	-50	100	35	7.55178	0.132423	0.00073835	134.871	108	326
250	1	107.8	0.1	15	100	4.5	0.0048	100	-60	-40	0.7	0.03	2	-50	100	35	7.55715	0.132329	0.000709357	145.809	108	333
250	1	107.9	0.1	15	100	4.5	0.0048	100	-60	-40	0.7	0.03	2	-50	100	35	7.57024	0.132101	0.000799363	114.23	109	331
250	1	108	0.1	15	100	4.5	0.0048	100	-60	-40	0.7	0.03	2	-50	100	35	7.59324	0.131701	0.000806857	111.103	109	333
250	1	108.1	0.1	15	100	4.5	0.0048	100	-60	-40	0.7	0.03	2	-50	100	35	7.60894	0.131428	0.000734732	133.156	109	333
250	1	108.2	0.1	15	100	4.5	0.0048	100	-60	-40	0.7	0.03	2	-50	100	35	7.62461	0.131158	0.000680862	154.104	109	334
250	1	108.3	0.1	15	100	4.5	0.0048	100	-60	-40	0.7	0.03	2	-50	100	35	7.64382	0.130829	0.000771552	119.106	110	340
250	1	108.4	0.1	15	100	4.5	0.0048	100	-60	-40	0.7	0.03	2	-50	100	35	7.6543	0.130649	0.00068211	151.761	110	341
250	1	108.5	0.1	15	100	4.5	0.0048	100	-60	-40	0.7	0.03	2	-50	100	35	7.67643	0.130273	0.000710848	138.534	110	348
250	1	108.6	0.1	15	100	4.5	0.0048	100	-60	-40	0.7	0.03	2	-50	100	35	7.68875	0.130064	0.000682511	149.554	110	339
250	1	108.7	0.1	15	100	4.5	0.0048	100	-60	-40	0.7	0.03	2	-50	100	35	7.71061	0.129696	0.000810716	105.099	111	336
250	1	108.8	0.1	15	100	4.5	0.0048	100	-60	-40	0.7	0.03	2	-50	100	35	7.72716	0.129417	0.00066618	154.647	111	344
250	1	108.9	0.1	15	100	4.5	0.0048	100	-60	-40	0.7	0.03	2	-50	100	35	7.74872	0.129058	0.000736398	125.51	111	343
250	1	109	0.1	15	100	4.5	0.0048	100	-60	-40	0.7	0.03	2	-50	100	35	7.75803	0.128903	0.000723039	129.722	112	341
250	1	109.1	0.1	15	100	4.5	0.0048	100	-60	-40	0.7	0.03	2	-50	100	35	7.77972	0.128543	0.000681772	144.682	112	350
250	1	109.2	0.1	15	100	4.5	0.0048	100	-60	-40	0.7	0.03	2	-50	100	35	7.78894	0.12839	0.000629738	168.977	112	344
250	1	109.3	0.1	15	100	4.5	0.0048	100	-60	-40	0.7	0.03	2	-50	100	35	7.80039	0.128202	0.000630456	167.851	112	346
250	1	109.4	0.1	15	100	4.5	0.0048	100	-60	-40	0.7	0.03	2	-50	100	35	7.82365	0.127821	0.000700634	134.703	112	343
250	1	109.5	0.1	15	100	4.5	0.0048	100	-60	-40	0.7	0.03	2	-50	100	35	7.83653	0.127612	0.000798451	103.213	113	346
250	1	109.6	0.1	15	100	4.5	0.0048	100	-60	-40	0.7	0.03	2	-50	100	35	7.85764	0.127268	0.000666047	147.129	113	343
250	1	109.7	0.1	15	100	4.5	0.0048	100	-60	-40	0.7	0.03	2	-50	100	35	7.87521	0.126985	0.000729019	121.992	113	343
250	1	109.8	0.1	15	100	4.5	0.0048	100	-60	-40	0.7	0.03	2	-50	100	35	7.89041	0.12674	0.000686547	136.757	113	346
250	1	109.9	0.1	15	100	4.5	0.0048	100	-60	-40	0.7	0.03	2	-50	100	35	7.90924	0.126438	0.000649764	151.59	114	343
250	1	110	0.1	15	100	4.5	0.0048	100	-60	-40	0.7	0.03	2	-50	100	35	7.91648	0.126323	0.000712969	125.561	114	352
250	1	110.1	0.1	15	100	4.5	0.0048	100	-60	-40	0.7	0.03	2	-50	100	35	7.93562	0.126018	0.000738039	116.33	114	345
250	1	110.2	0.1	15	100	4.5	0.0048	100	-60	-40	0.7	0.03	2	-50	100	35	7.94651	0.125845	0.000648905	149.862	114	348
250	1	110.3	0.1	15	100	4.5	0.0048	100	-60	-40	0.7	0.03	2	-50	100	35	7.9694	0.125483	0.000586434	181.912	115	348
250	1	110.4	0.1	15	100	4.5	0.0048	100	-60	-40	0.7	0.03	2	-50	100	35	7.97787	0.12535	0.000591367	178.322	115	357
250	1	110.5	0.1	15	100	4.5	0.0048	100	-60	-40	0.7	0.03	2	-50	100	35	7.99717	0.125048	0.000677502	134.883	115	353
250	1	110.6	0.1	15	100	4.5	0.0048	100	-60	-40	0.7	0.03	2	-50	100	35	8.02239	0.124655	0.000677229	133.723	115	352
250	1	110.7	0.1	15	100	4.5	0.0048	100	-60	-40	0.7	0.03	2	-50	100	35	8.02635	0.124593	0.000664598	138.648	116	352
250	1	110.8	0.1	15	100	4.5	0.0048	100	-60	-40	0.7	0.03	2	-50	100	35	8.04874	0.124247	0.000665083	137.294	116	346
250	1	110.9	0.1	15	100	4.5	0.0048	100	-60	-40	0.7	0.03	2	-50	100	35	8.06644	0.123973	0.000596564	169.52	116	353
250	1	111	0.1	15	100	4.5	0.0048	100	-60	-40	0.7	0.03	2	-50	100	35	8.07311	0.123872	0.000671896	133.309	116	356
250	1	111.1	0.1	15	100	4.5	0.0048	100	-60	-40	0.7	0.03	2	-50	100	35	8.09354	0.123558	0.000589892	171.64	117	357
250	1	111.2	0.1	15	100	4.5	0.0048	100	-60	-40	0.7	0.03	2	-50	100	35	8.10936	0.123317	0.000596439	166.912	117	358
250	1	111.3	0.1	15	100	4.5	0.0048	100	-60	-40	0.7	0.03	2	-50	100	35	8.12457	0.123087	0.000687517	124.917	117	358
250	1	111.4	0.1	15	100	4.5	0.0048	100	-60	-40	0.7	0.03	2	-50	100	35	8.14206	0.122822	0.000631106	147.291	117	355
250	1	111.5	0.1	15	100	4.5	0.0048	100	-60	-40	0.7	0.03	2	-50	100	35	8.16077	0.122541	0.000634107	144.899	118	358
250	1	111.6	0.1	15	100	4.5	0.0048	100	-60	-40	0.7	0.03	2	-50	100	35	8.16638	0.122457	0.000651032	137.181	118	359
250	1	111.7	0.1	15	100	4.5	0.0048	100	-60	-40	0.7	0.03	2	-50	100	35	8.18358	0.122199	0.00062723	146.859	118	362
250	1	111.8	0.1	15	100	4.5	0.0048	100	-60	-40	0.7	0.03	2	-50	100	35	8.1996	0.121961	0.00068351	122.949	118	354
250	1	111.9	0.1	15	100	4.5	0.0048	100	-60	-40	0.7	0.03	2	-50	100	35	8.22351	0.121605	0.000560959	180.944	118	362
250	1	112	0.1	15	100	4.5	0.0048	100	-60	-40	0.7	0.03	2	-50	100	35	8.232	0.12148	0.000568015	175.932	119	355
250	1	112.1	0.1	15	100	4.5	0.0048	100	-60	-40	0.7	0.03	2	-50	100	35	8.24126	0.121344	0.000611976	151.054	119	359
250	1	112.2	0.1	15	100	4.5	0.0048	100	-60	-40	0.7	0.03	2	-50	100	35	8.26186	0.121041	0.000614846	148.531	119	361
250	1	112.3	0.1	15	100	4.5	0.0048	100	-60	-40	0.7	0.03	2	-50	100	35	8.2846	0.120708	0.000548894	184.836	119	364
250	1	112.4	0.1	15	100	4.5	0.0048	100	-60	-40	0.7	0.03	2	-50	100	35	8.29537	0.120553	0.00063391	138.046	120	366
250	1	112.5	0.1	15	100	4.5	0.0048	100	-60	-40	0.7	0.03	2	-50	100	35	8.30754	0.120376	0.000622545	142.504	120	365
250	1	112.6	0.1	15	100	4.5	0.0048	100	-60	-40	0.7	0.03	2	-50	100	35	8.33075	0.12004	0.000581421	162.012	120	369
250	1	112.7	0.1	15	100	4.5	0.0048	100	-60	-40	0.7	0.03	2	-50	100	35	8.34398	0.11985	0.000612475	145.307	120	357
250	1	112.8	0.1	15	100	4.5	0.0048	100	-60	-40	0.7	0.03	2	-50	100	35	8.35364	0.119712	0.000640796	132.288	120	366
250	1	112.9	0.1	15	100	4.5	0.0048	100	-60	-40	0.7	0.03	2	-50	100	35	8.36517	0.119546	0.000594424	153.097	121	373
250	1	113	0.1	15	100	4.5	0.0048	100	-60	-40	0.7	0.03	2	-50	100	35	8.38668	0.11924	0.000603252	147.508	121	365
250	1	113.1	0.1	15	100	4.5	0.0048	100	-60	-40	0.7	0.03	2	-50	100	35	8.40536	0.118974	0.000568848	164.785	121	363
250	1	113.2	0.1	15	100	4.5	0.0048	100	-60	-40	0.7	0.03	2	-50	100	35	8.41444	0.118846	0.000592177	151.567	121	374
250	1	113.3	0.1	15	100	4.5	0.0048	100	-60	-40	0.7	0.03	2	-50	100	35	8.42836	0.11865	0.000598103	147.843	122	363
250	1	113.4	0.1	15	100	4.5	0.0048	100	-60	-40	0.7	0.03	2	-50	100	35	8.44412	0.118428	0.000525272	190.609	122	367
250	1	113.5	0.1	15	100	4.5	0.0048	100	-60	-40	0.7	0.03	2	-50	100	35	8.45963	0.118211	0.000505475	204.701	122	372
250	1	113.6	0.1	15	100	4.5	0.0048	100	-60	-40	0.7	0.03	2	-50	100	35	8.48086	0.117916	0.00059196	148.142	122	373
250	1	113.7	0.1	15	100	4.5	0.0048	100	-60	-40	0.7	0.03	2	-50	100	35	8.49157	0.117766	0.000556644	166.901	122	369
250	1	113.8	0.1	15	100	4.5	0.0048	100	-60	-40	0.7	0.03	2	-50	100	35	8.50809	0.117538	0.000599524	143.045	123	376
250	1	113.9	0.1	15	100	4.5	0.0048	100	-60	-40	0.7	0.03	2	-50	100	35	8.52612	0.117289	0.000477047	224.489	123	374
250	1	114	0.1	15	100	4.5	0.0048	100	-60	-40	0.7	0.03	2	-50	100	35	8.53926	0.117109	0.000569873	156.59	123	373
250	1	114.1	0.1	15	100	4.5	0.0048	100	-60	-40	0.7	0.03	2	-50	100	35	8.55741	0.116861	0.000609304	136.11	123	371
250	1	114.2	0.1	15	100	4.5	0.0048	100	-60	-40	0.7	0.03	2	-50	100	35	8.56183	0.1168	0.00054385	170.577	124	375
250	1	114.3	0.1	15	100	4.5	0.0048	100	-60	-40	0.7	0.03	2	-50	100	35	8.58219	0.116523	0.000589075	144.36	124	373
250	1	114.4	0.1	15	100	4.5	0.0048	100	-60	-40	0.7	0.03	2	-50	100	35	8.59744	0.116316	0.000537744	172.313	124	370
250	1	114.5	0.1	15	100	4.5	0.0048	100	-60	-40	0.7	0.03	2	-50	100	35	8.60982	0.116149	0.000559979	158.218	124	376
250	1	114.6	0.1	15	100	4.5	0.0048	100	-60	-40	0.7	0.03	2	-50	100	35	8.62626	0.115928	0.000585249	144.024	125	378
250	1	114.7	0.1	15	100	4.5	0.0048	100	-60	-40	0.7	0.03	2	-50	100	35	8.64164	0.115722	0.000574959	148.429	125	383
250	1	114.8	0.1	15	100	4.5	0.0048	100	-60	-40	0.7	0.03	2	-50	100	35	8.65783	0.115505	0.000535341	170.251	125	378
250	1	114.9	0.1	15	100	4.5	0.0048	100	-60	-40	0.7	0.03	2	-50	100	35	8.67307	0.115302	0.000503533	191.426	125	373
250	1	115	0.1	15	100	4.5	0.0048	100	-60	-40	0.7	0.03	2	-50	100	35	8.68694	0.115118	0.000506898	187.99	125	380
250	1	115.1	0.1	15	100	4.5	0.0048	100	-60	-40	0.7	0.03	2	-50	100	35	8.704	0.114892	0.000516853	179.758	126	382
250	1	115.2	0.1	15	100	4.5	0.0048	100	-60	-40	0.7	0.03	2	-50	100	35	8.71751	0.114714	0.000547827	159.263	126	380
250	1	115.3	0.1	15	100	4.5	0.0048	100	-60	-40	0.7	0.03	2	-50	100	35	8.73233	0.114519	0.000486245	201.128	126	385
250	1	115.4	0.1	15	100	4.5	0.0048	100	-60	-40	0.7	0.03	2	-50	100	35	8.74167	0.114398	0.000584529	138.736	126	380
250	1	115.5	0.1	15	100	4.5	0.0048	100	-60	-40	0.7	0.03	2	-50	100	35	8.75759	0.114189	0.000507263	183.213	126	379
250	1	115.6	0.1	15	100	4.5	0.0048	100	-60	-40	0.7	0.03	2	-50	100	35	8.77284	0.113991	0.000520292	173.246	127	382
250	1	115.7	0.1	15	100	4.5	0.0048	100	-60	-40	0.7	0.03	2	-50	100	35	8.78181	0.113874	0.000512884	177.741	127	388
250	1	115.8	0.1	15	100	4.5	0.0048	100	-60	-40	0.7	0.03	2	-50	100	35	8.79985	0.11364	0.000458129	221.396	127	380
250	1	115.9	0.1	15	100	4.5	0.0048	100	-60	-40	0.7	0.03	2	-50	100	35	8.81986	0.113383	0.000583335	135.632	127	386
250	1	116	0.1	15	100	4.5	0.0048	100	-60	-40	0.7	0.03	2	-50	100	35	8.82849	0.113271	0.000411479	271.776	128	382
250	1	116.1	0.1	15	100	4.5	0.0048	100	-60	-40	0.7	0.03	2	-50	100	35	8.85224	0.112969	0.000583601	134.027	128	388
250	1	116.2	0.1	15	100	4.5	0.0048	100	-60	-40	0.7	0.03	2	-50	100	35	8.86249	0.112837	0.000519388	168.627	128	383
250	1	116.3	0.1	15	100	4.5	0.0048	100	-60	-40	0.7	0.03	2	-50	100	35	8.87633	0.112662	0.000533171	159.275	128	376
250	1	116.4	0.1	15	100	4.5	0.0048	100	-60	-40	0.7	0.03	2	-50	100	35	8.89174	0.112466	0.000534963	157.388	128	384
250	1	116.5	0.1	15	100	4.5	0.0048	100	-60	-40	0.7	0.03	2	-50	100	35	8.91004	0.112235	0.000472138	200.815	129	388
250	1	116.6	0.1	15	100	4.5	0.0048	100	-60	-40	0.7	0.03	2	-50	100	35	8.91873	0.112126	0.000468588	203.274	129	391
250	1	116.7	0.1	15	100	4.5	0.0048	100	-60	-40	0.7	0.03	2	-50	100	35	8.93693	0.111898	0.000521186	163.316	129	385
250	1	116.8	0.1	15	100	4.5	0.0048	100	-60	-40	0.7	0.03	2	-50	100	35	8.94682	0.111774	0.000562261	139.863	129	388
250	1	116.9	0.1	15	100	4.5	0.0048	100	-60	-40	0.7	0.03	2	-50	100	35	8.96795	0.111511	0.00053963	150.768	130	395
250	1	117	0.1	15	100	4.5	0.0048	100	-60	-40	0.7	0.03	2	-50	100	35	8.97895	0.111374	0.000501556	173.884	130	397
250	1	117.1	0.1	15	100	4.5	0.0048	100	-60	-40	0.7	0.03	2	-50	100	35	8.9952	0.111172	0.000465394	200.862	130	394
250	1	117.2	0.1	15	100	4.5	0.0048	100	-60	-40	0.7	0.03	2	-50	100	35	9.00983	0.110992	0.000436163	227.574	130	393
250	1	117.3	0.1	15	100	4.5	0.0048	100	-60	-40	0.7	0.03	2	-50	100	35	9.02686	0.110782	0.000472877	192.516	131	387
250	1	117.4	0.1	15	100	4.5	0.0048	100	-60	-40	0.7	0.03	2	-50	100	35	9.03903	0.110634	0.000503314	169.252	131	392
250	1	117.5	0.1	15	100	4.5	0.0048	100	-60	-40	0.7	0.03	2	-50	100	35	9.05132	0.110483	0.000484554	181.867	131	383
250	1	117.6	0.1	15	100	4.5	0.0048	100	-60	-40	0.7	0.03	2	-50	100	35	9.06772	0.110283	0.000459959	200.743	131	395
250	1	117.7	0.1	15	100	4.5	0.0048	100	-60	-40	0.7	0.03	2	-50	100	35	9.08107	0.110121	0.000499539	169.444	131	391
250	1	117.8	0.1	15	100	4.5	0.0048	100	-60	-40	0.7	0.03	2	-50	100	35	9.098	0.109917	0.000509627	161.896	132	391
250	1	117.9	0.1	15	100	4.5	0.0048	100	-60	-40	0.7	0.03	2	-50	100	35	9.10391	0.109845	0.000436557	220.194	132	394
250	1	118	0.1	15	100	4.5	0.0048	100	-60	-40	0.7	0.03	2	-50	100	35	9.11894	0.109664	0.000523659	152.283	132	399
250	1	118.1	0.1	15	100	4.5	0.0048	100	-60	-40	0.7	0.03	2	-50	100	35	9.14298	0.109376	0.000491162	171.737	132	401
250	1	118.2	0.1	15	100	4.5	0.0048	100	-60	-40	0.7	0.03	2	-50	100	35	9.15077	0.109283	0.000485436	175.363	132	393
250	1	118.3	0.1	15	100	4.5	0.0048	100	-60	-40	0.7	0.03	2	-50	100	35	9.16325	0.109134	0.000493117	169.25	133	397
250	1	118.4	0.1	15	100	4.5	0.0048	100	-60	-40	0.7	0.03	2	-50	100	35	9.18092	0.108924	0.00053003	145.653	133	406
250	1	118.5	0.1	15	100	4.5	0.0048	100	-60	-40	0.7	0.03	2	-50	100	35	9.19041	0.108811	0.00049706	165.103	133	401
250	1	118.6	0.1	15	100	4.5	0.0048	100	-60	-40	0.7	0.03	2	-50	100	35	9.21557	0.108514	0.000496372	164.209	133	403
250	1	118.7	0.1	15	100	4.5	0.0048	100	-60	-40	0.7	0.03	2	-50	100	35	9.22399	0.108415	0.00048171	173.879	133	401
250	1	118.8	0.1	15	100	4.5	0.0048	100	-60	-40	0.7	0.03	2	-50	100	35	9.2376	0.108255	0.000471211	180.911	134	399
250	1	118.9	0.1	15	100	4.5	0.0048	100	-60	-40	0.7	0.03	2	-50	100	35	9.25465	0.108056	0.000490283	166.189	134	391
250	1	119	0.1	15	100	4.5	0.0048	100	-60	-40	0.7	0.03	2	-50	100	35	9.27358	0.107835	0.000451773	194.531	134	401
250	1	119.1	0.1	15	100	4.5	0.0048	100	-60	-40	0.7	0.03	2	-50	100	35	9.28854	0.107662	0.000506023	154.311	134	401
250	1	119.2	0.1	15	100	4.5	0.0048	100	-60	-40	0.7	0.03	2	-50	100	35	9.29602	0.107575	0.000447834	196.539	135	410
250	1	119.3	0.1	15	100	4.5	0.0048	100	-60	-40	0.7	0.03	2	-50	100	35	9.31169	0.107394	0.000482958	168.141	135	402
250	1	119.4	0.1	15	100	4.5	0.0048	100	-60	-40	0.7	0.03	2	-50	100	35	9.32796	0.107207	0.000480236	169.163	135	406
250	1	119.5	0.1	15	100	4.5	0.0048	100	-60	-40	0.7	0.03	2	-50	100	35	9.33652	0.107108	0.000452036	190.403	135	403
250	1	119.6	0.1	15	100	4.5	0.0048	100	-60	-40	0.7	0.03	2	-50	100	35	9.35009	0.106953	0.000441306	198.905	135	403
250	1	119.7	0.1	15	100	4.5	0.0048	100	-60	-40	0.7	0.03	2	-50	100	35	9.36986	0.106727	0.000462596	179.875	136	411
250	1	119.8	0.1	15	100	4.5	0.0048	100	-60	-40	0.7	0.03	2	-50	100	35	9.38154	0.106594	0.000435595	202.108	136	408
250	1	119.9	0.1	15	100	4.5	0.0048	100	-60	-40	0.7	0.03	2	-50	100	35	9.39739	0.106414	0.000395001	244.54	136	414
250	1	120	0.1	15	100	4.5	0.0048	100	-60	-40	0.7	0.03	2	-50	100	35	9.40835	0.10629	0.0004432	193.568	136	409
250	1	120.1	0.1	15	100	4.5	0.0048	100	-60	-40	0.7	0.03	2	-50	100	35	9.42026	0.106156	0.000419482	215.256	136	399
250	1	120.2	0.1	15	100	4.5	0.0048	100	-60	-40	0.7	0.03	2	-50	100	35	9.43756	0.105961	0.000429988	203.742	137	410
250	1	120.3	0.1	15	100	4.5	0.0048	100	-60	-40	0.7	0.03	2	-50	100	35	9.45397	0.105777	0.000428745	203.859	137	406
250	1	120.4	0.1	15	100	4.5	0.0048	100	-60	-40	0.7	0.03	2	-50	100	35	9.4599	0.105711	0.000414565	217.633	137	410
250	1	120.5	0.1	15	100	4.5	0.0048	100	-60	-40	0.7	0.03	2	-50	100	35	9.48332	0.10545	0.000467491	169.882	137	413
250	1	120.6	0.1	15	100	4.5	0.0048	100	-60	-40	0.7	0.03	2	-50	100	35	9.49802	0.105287	0.000438782	191.945	138	407
250	1	120.7	0.1	15	100	4.5	0.0048	100	-60	-40	0.7	0.03	2	-50	100	35	9.51019	0.105152	0.00043601	193.648	138	413
250	1	120.8	0.1	15	100	4.5	0.0048	100	-60	-40	0.7	0.03	2	-50	100	35	9.52714	0.104965	0.000452512	178.825	138	417
250	1	120.9	0.1	15	100	4.5	0.0048	100	-60	-40	0.7	0.03	2	-50	100	35	9.53866	0.104838	0.000439031	189.288	138	405
250	1	121	0.1	15	100	4.5	0.0048	100	-60	-40	0.7	0.03	2	-50	100	35	9.55088	0.104704	0.000447845	181.213	138	409
250	1	121.1	0.1	15	100	4.5	0.0048	100	-60	-40	0.7	0.03	2	-50	100	35	9.56047	0.104599	0.000446321	181.904	139	415
250	1	121.2	0.1	15	100	4.5	0.0048	100	-60	-40	0.7	0.03	2	-50	100	35	9.58313	0.104352	0.00042891	195.577	139	414
250	1	121.3	0.1	15	100	4.5	0.0048	100	-60	-40	0.7	0.03	2	-50	100	35	9.59292	0.104245	0.000437752	187.182	139	406
250	1	121.4	0.1	15	100	4.5	0.0048	100	-60	-40	0.7	0.03	2	-50	100	35	9.60317	0.104134	0.000406746	216.112	139	402
250	1	121.5	0.1	15	100	4.5	0.0048	100	-60	-40	0.7	0.03	2	-50	100	35	9.62904	0.103854	0.000425512	195.884	140	419
250	1	121.6	0.1	15	100	4.5	0.0048	100	-60	-40	0.7	0.03	2	-50	100	35	9.63441	0.103796	0.000431562	190.112	140	418
250	1	121.7	0.1	15	100	4.5	0.0048	100	-60	-40	0.7	0.03	2	-50	100	35	9.65249	0.103602	0.000452406	172.028	140	418
250	1	121.8	0.1	15	100	4.5	0.0048	100	-60	-40	0.7	0.03	2	-50	100	35	9.66179	0.103502	0.000411257	207.574	140	399
250	1	121.9	0.1	15	100	4.5	0.0048	100	-60	-40	0.7	0.03	2	-50	100	35	9.67774	0.103331	0.000393305	225.834	140	410
250	1	122	0.1	15	100	4.5	0.0048	100	-60	-40	0.7	0.03	2	-50	100	35	9.68706	0.103232	0.000408413	208.832	140	419
250	1	122.1	0.1	15	100	4.5	0.0048	100	-60	-40	0.7	0.03	2	-50	100	35	9.70618	0.103029	0.000444094	175.582	141	422
250	1	122.2	0.1	15	100	4.5	0.0048	100	-60	-40	0.7	0.03	2	-50	100	35	9.71754	0.102909	0.000428701	187.757	141	421
250	1	122.3	0.1	15	100	4.5	0.0048	100	-60	-40	0.7	0.03	2	-50	100	35	9.73277	0.102748	0.000430876	184.994	141	419
250	1	122.4	0.1	15	100	4.5	0.0048	100	-60	-40	0.7	0.03	2	-50	100	35	9.74748	0.102592	0.000401439	212.156	141	421
250	1	122.5	0.1	15	100	4.5	0.0048	100	-60	-40	0.7	0.03	2	-50	100	35	9.76224	0.102437	0.000438826	176.742	142	424
250	1	122.6	0.1	15	100	4.5	0.0048	100	-60	-40	0.7	0.03	2	-50	100	35	9.77715	0.102281	0.000418361	193.568	142	425
250	1	122.7	0.1	15	100	4.5	0.0048	100	-60	-40	0.7	0.03	2	-50	100	35	9.78885	0.102158	0.000379668	234.188	142	427
250	1	122.8	0.1	15	100	4.5	0.0048	100	-60	-40	0.7	0.03	2	-50	100	35	9.80645	0.101975	0.000413802	196.088	142	421
250	1	122.9	0.1	15	100	4.5	0.0048	100	-60	-40	0.7	0.03	2	-50	100	35	9.82157	0.101818	0.000408877	199.914	142	425
250	1	123	0.1	15	100	4.5	0.0048	100	-60	-40	0.7	0.03	2	-50	100	35	9.82827	0.101749	0.00040834	200.03	143	427
250	1	123.1	0.1	15	100	4.5	0.0048	100	-60	-40	0.7	0.03	2	-50	100	35	9.85118	0.101513	0.000441806	169.686	143	415
250	1	123.2	0.1	15	100	4.5	0.0048	100	-60	-40	0.7	0.03	2	-50	100	35	9.85752	0.101447	0.000381399	227.251	143	427
250	1	123.3	0.1	15	100	4.5	0.0048	100	-60	-40	0.7	0.03	2	-50	100	35	9.86887	0.10133	0.000373984	235.537	143	424
250	1	123.4	0.1	15	100	4.5	0.0048	100	-60	-40	0.7	0.03	2	-50	100	35	9.88886	0.101126	0.000450463	161.368	143	415
250	1	123.5	0.1	15	100	4.5	0.0048	100	-60	-40	0.7	0.03	2	-50	100	35	9.90186	0.100993	0.00043927	169.029	144	426
250	1	123.6	0.1	15	100	4.5	0.0048	100	-60	-40	0.7	0.03	2	-50	100	35	9.90695	0.100941	0.000413988	190.01	144	430
250	1	123.7	0.1	15	100	4.5	0.0048	100	-60	-40	0.7	0.03	2	-50	100	35	9.93007	0.100706	0.000369043	237.442	144	440
250	1	123.8	0.1	15	100	4.5	0.0048	100	-60	-40	0.7	0.03	2	-50	100	35	9.93733	0.100633	0.000446091	162.151	144	430
250	1	123.9	0.1	15	100	4.5	0.0048	100	-60	-40	0.7	0.03	2	-50	100	35	9.95667	0.100437	0.000401526	198.976	144	428
250	1	124	0.1	15	100	4.5	0.0048	100	-60	-40	0.7	0.03	2	-50	100	35	9.96901	0.100312	0.000398937	200.82	145	430
250	1	124.1	0.1	15	100	4.5	0.0048	100	-60	-40	0.7	0.03	2	-50	100	35	9.98823	0.100119	0.000382662	217.007	145	427
250	1	124.2	0.1	15	100	4.5	0.0048	100	-60	-40	0.7	0.03	2	-50	100	35	9.99506	0.100051	0.000400541	197.661	145	423
250	1	124.3	0.1	15	100	4.5	0.0048	100	-60	-40	0.7	0.03	2	-50	100	35	10.0061	0.0999407	0.000354043	252.153	145	433
250	1	124.4	0.1	15	100	4.5	0.0048	100	-60	-40	0.7	0.03	2	-50	100	35	10.0261	0.0997411	0.00038429	212.743	146	422
250	1	124.5	0.1	15	100	4.5	0.0048	100	-60	-40	0.7	0.03	2	-50	100	35	10.041	0.0995932	0.000400113	195.377	146	432
250	1	124.6	0.1	15	100	4.5	0.0048	100	-60	-40	0.7	0.03	2	-50	100	35	10.0514	0.0994897	0.000397185	197.651	146	437
250	1	124.7	0.1	15	100	4.5	0.0048	100	-60	-40	0.7	0.03	2	-50	100	35	10.0648	0.0993575	0.000383421	211.252	146	433
250	1	124.8	0.1	15	100	4.5	0.0048	100	-60	-40	0.7	0.03	2	-50	100	35	10.082	0.0991877	0.00035775	241.415	146	435
250	1	124.9	0.1	15	100	4.5	0.0048	100	-60	-40	0.7	0.03	2	-50	100	35	10.0856	0.0991534	0.000436153	162.254	146	435
250	1	125	0.1	15	100	4.5	0.0048	100	-60	-40	0.7	0.03	2	-50	100	35	10.1069	0.0989435	0.000403252	188.608	147	442
250	1	125.1	0.1	15	100	4.5	0.0048	100	-60	-40	0.7	0.03	2	-50	100	35	10.1207	0.0988088	0.000395163	195.607	147	438
250	1	125.2	0.1	15	100	4.5	0.0048	100	-60	-40	0.7	0.03	2	-50	100	35	10.1339	0.0986796	0.000365074	228.281	147	429
250	1	125.3	0.1	15	100	4.5	0.0048	100	-60	-40	0.7	0.03	2	-50	100	35	10.1485	0.0985381	0.000357183	237.455	147	433
250	1	125.4	0.1	15	100	4.5	0.0048	100	-60	-40	0.7	0.03	2	-50	100	35	10.1605	0.0984216	0.000377161	212.211	148	434
250	1	125.5	0.1	15	100	4.5	0.0048	100	-60	-40	0.7	0.03	2	-50	100	35	10.1751	0.0982811	0.000391291	196.318	148	438
250	1	125.6	0.1	15	100	4.5	0.0048	100	-60	-40	0.7	0.03	2	-50	100	35	10.1904	0.0981331	0.000363353	226.641	148	434
250	1	125.7	0.1	15	100	4.5	0.0048	100	-60	-40	0.7	0.03	2	-50	100	35	10.2051	0.0979912	0.00037669	209.964	148	443
250	1	125.8	0.1	15	100	4.5	0.0048	100	-60	-40	0.7	0.03	2	-50	100	35	10.2204	0.0978453	0.000366883	220.35	148	436
250	1	125.9	0.1	15	100	4.5	0.0048	100	-60	-40	0.7	0.03	2	-50	100	35	10.229	0.0977631	0.000370418	215.621	149	440
250	1	126	0.1	15	100	4.5	0.0048	100	-60	-40	0.7	0.03	2	-50	100	35	10.2474	0.0975872	0.000412685	172.779	149	438
250	1	126.1	0.1	15	100	4.5	0.0048	100	-60	-40	0.7	0.03	2	-50	100	35	10.26	0.0974671	0.000408101	176.031	149	441
250	1	126.2	0.1	15	100	4.5	0.0048	100	-60	-40	0.7	0.03	2	-50	100	35	10.2716	0.097357	0.000379234	203.16	149	440
250	1	126.3	0.1	15	100	4.5	0.0048	100	-60	-40	0.7	0.03	2	-50	100	35	10.2853	0.0972275	0.000396583	185.033	149	438
250	1	126.4	0.1	15	100	4.5	0.0048	100	-60	-40	0.7	0.03	2	-50	100	35	10.3031	0.0970593	0.000394781	185.759	150	435
250	1	126.5	0.1	15	100	4.5	0.0048	100	-60	-40	0.7	0.03	2	-50	100	35	10.3131	0.096966	0.000385619	194.13	150	435
250	1	126.6	0.1	15	100	4.5	0.0048	100	-60	-40	0.7	0.03	2	-50	100	35	10.327	0.0968347	0.000362317	219.011	150	441
250	1	126.7	0.1	15	100	4.5	0.0048	100	-60	-40	0.7	0.03	2	-50	100	35	10.3417	0.0966973	0.00036008	220.799	150	445
250	1	126.8	0.1	15	100	4.5	0.0048	100	-60	-40	0.7	0.03	2	-50	100	35	10.3495	0.096624	0.000344015	241.352	150	446
250	1	126.9	0.1	15	100	4.5	0.0048	100	-60	-40	0.7	0.03	2	-50	100	35	10.365	0.0964795	0.00036209	216.881	151	438
250	1	127	0.1	15	100	4.5	0.0048	100	-60	-40	0.7	0.03	2	-50	100	35	10.3826	0.0963166	0.000375487	200.661	151	441
250	1	127.1	0.1	15	100	4.5	0.0048	100	-60	-40	0.7	0.03	2	-50	100	35	10.3959	0.0961934	0.000376947	198.347	151	441
250	1	127.2	0.1	15	100	4.5	0.0048	100	-60	-40	0.7	0.03	2	-50	100	35	10.4068	0.0960927	0.000363153	213.031	151	443
250	1	127.3	0.1	15	100	4.5	0.0048	100	-60	-40	0.7	0.03	2	-50	100	35	10.4189	0.0959808	0.000345005	235.208	151	453
250	1	127.4	0.1	15	100	4.5	0.0048	100	-60	-40	0.7	0.03	2	-50	100	35	10.4337	0.0958447	0.000354496	221.836	152	443
250	1	127.5	0.1	15	100	4.5	0.0048	100	-60	-40	0.7	0.03	2	-50	100	35	10.4533	0.0956651	0.000368145	204.537	152	444
250	1	127.6	0.1	15	100	4.5	0.0048	100	-60	-40	0.7	0.03	2	-50	100	35	10.4642	0.0955658	0.00039569	176.502	152	442
250	1	127.7	0.1	15	100	4.5	0.0048	100	-60	-40	0.7	0.03	2	-50	100	35	10.4722	0.0954921	0.000374789	196.281	152	447
250	1	127.8	0.1	15	100	4.5	0.0048	100	-60	-40	0.7	0.03	2	-50	100	35	10.4906	0.095325	0.000348744	225.505	152	445
250	1	127.9	0.1	15	100	4.5	0.0048	100	-60	-40	0.7	0.03	2	-50	100	35	10.5078	0.0951693	0.000379453	189.551	153	445
250	1	128	0.1	15	100	4.5	0.0048	100	-60	-40	0.7	0.03	2	-50	100	35	10.5147	0.0951065	0.000372522	196.28	153	450
